0.027455 0.099789 0.146779 0.270855 0.004224 0.096093 0.180570 0.004224 0.021647 0.148363
0.060701 0.333542 0.162078 0.126408 0.003129 0.053191 0.056320 0.003129 0.024406 0.177096
0.040480 0.124438 0.290105 0.137931 0.009745 0.038981 0.108696 0.005247 0.035982 0.208396
0.035611 0.118383 0.283927 0.176131 0.005775 0.034649 0.111646 0.001925 0.025987 0.205967
0.018701 0.042323 0.120079 0.326772 0.000000 0.132874 0.218504 0.004921 0.011811 0.124016
0.456026 0.087948 0.073833 0.035831 0.016287 0.017372 0.022801 0.045603 0.209555 0.034745
0.145136 0.113238 0.111643 0.122807 0.043062 0.060606 0.074960 0.025518 0.200957 0.102073
0.447735 0.055749 0.036585 0.029617 0.013937 0.005226 0.012195 0.031359 0.343206 0.024390
0.027985 0.509328 0.164179 0.095149 0.001866 0.035448 0.027985 0.001866 0.001866 0.134328
0.040000 0.481905 0.135238 0.097143 0.000000 0.028571 0.032381 0.003810 0.011429 0.169524
0.060674 0.357303 0.175281 0.105618 0.002247 0.020225 0.040449 0.002247 0.024719 0.211236
0.036320 0.104116 0.363196 0.130751 0.002421 0.055690 0.099274 0.000000 0.009685 0.198547
0.240793 0.042493 0.048159 0.008499 0.048159 0.008499 0.033994 0.014164 0.535411 0.019830
0.196581 0.111111 0.119658 0.068376 0.122507 0.022792 0.034188 0.039886 0.179487 0.105413
0.027190 0.087613 0.368580 0.138973 0.006042 0.024169 0.120846 0.006042 0.015106 0.205438
0.021212 0.006061 0.015152 0.003030 0.021212 0.000000 0.006061 0.869697 0.048485 0.009091
0.020270 0.527027 0.128378 0.118243 0.003378 0.027027 0.023649 0.000000 0.010135 0.141892
0.030189 0.033962 0.030189 0.637736 0.003774 0.109434 0.124528 0.000000 0.003774 0.026415
0.028455 0.008130 0.020325 0.008130 0.792683 0.004065 0.028455 0.028455 0.073171 0.008130
0.421053 0.017544 0.017544 0.035088 0.013158 0.004386 0.008772 0.021930 0.434211 0.026316
0.013825 0.046083 0.110599 0.248848 0.000000 0.036866 0.396313 0.000000 0.023041 0.124424
0.038462 0.048077 0.067308 0.139423 0.009615 0.423077 0.149038 0.019231 0.028846 0.076923
0.239796 0.005102 0.010204 0.005102 0.316327 0.000000 0.015306 0.045918 0.321429 0.040816
0.016760 0.251397 0.217877 0.094972 0.000000 0.089385 0.189944 0.005587 0.000000 0.134078
0.662791 0.017442 0.029070 0.029070 0.011628 0.000000 0.005814 0.023256 0.197674 0.023256
0.018182 0.175758 0.121212 0.193939 0.000000 0.024242 0.127273 0.000000 0.000000 0.339394
0.044586 0.286624 0.165605 0.108280 0.025478 0.044586 0.070064 0.000000 0.076433 0.178344
0.097403 0.292208 0.175325 0.103896 0.000000 0.051948 0.071429 0.019481 0.006494 0.181818
0.050725 0.289855 0.173913 0.159420 0.014493 0.050725 0.043478 0.014493 0.014493 0.188406
0.162963 0.125926 0.081481 0.037037 0.251852 0.022222 0.007407 0.022222 0.251852 0.037037
0.135338 0.218045 0.105263 0.075188 0.045113 0.030075 0.045113 0.007519 0.165414 0.172932
0.046154 0.069231 0.115385 0.300000 0.007692 0.092308 0.184615 0.007692 0.007692 0.169231
0.008197 0.000000 0.024590 0.139344 0.000000 0.729508 0.065574 0.000000 0.008197 0.024590
0.009009 0.009009 0.081081 0.495495 0.000000 0.162162 0.090090 0.000000 0.000000 0.153153
0.027027 0.018018 0.036036 0.387387 0.000000 0.270270 0.198198 0.000000 0.000000 0.063063
0.154545 0.172727 0.136364 0.045455 0.063636 0.018182 0.036364 0.018182 0.254545 0.100000
0.027778 0.296296 0.231481 0.101852 0.018519 0.037037 0.138889 0.000000 0.027778 0.120370
0.037037 0.296296 0.138889 0.037037 0.000000 0.027778 0.138889 0.000000 0.000000 0.324074
0.480392 0.049020 0.019608 0.009804 0.009804 0.009804 0.009804 0.019608 0.333333 0.058824
0.170000 0.180000 0.110000 0.170000 0.000000 0.010000 0.000000 0.020000 0.110000 0.230000
0.056180 0.101124 0.134831 0.123596 0.033708 0.101124 0.314607 0.022472 0.044944 0.067416
0.111111 0.086420 0.061728 0.123457 0.037037 0.061728 0.185185 0.012346 0.222222 0.098765
0.000000 0.024691 0.012346 0.629630 0.000000 0.049383 0.037037 0.000000 0.000000 0.246914
0.037500 0.500000 0.150000 0.075000 0.000000 0.062500 0.062500 0.037500 0.012500 0.062500
0.012658 0.139241 0.126582 0.240506 0.000000 0.139241 0.265823 0.000000 0.012658 0.063291
0.014286 0.028571 0.000000 0.442857 0.000000 0.214286 0.185714 0.000000 0.014286 0.100000
0.092308 0.138462 0.184615 0.107692 0.015385 0.076923 0.046154 0.030769 0.184615 0.123077
0.031250 0.140625 0.218750 0.031250 0.328125 0.000000 0.171875 0.031250 0.031250 0.015625
0.142857 0.174603 0.206349 0.063492 0.000000 0.000000 0.000000 0.222222 0.095238 0.095238
0.392857 0.017857 0.000000 0.053571 0.017857 0.017857 0.017857 0.000000 0.464286 0.017857
0.055556 0.259259 0.129630 0.185185 0.000000 0.037037 0.037037 0.000000 0.055556 0.240741
0.104167 0.062500 0.062500 0.166667 0.041667 0.104167 0.270833 0.083333 0.041667 0.062500
0.304348 0.021739 0.000000 0.000000 0.000000 0.000000 0.000000 0.000000 0.630435 0.043478
0.511111 0.133333 0.111111 0.044444 0.000000 0.022222 0.044444 0.066667 0.044444 0.022222
0.545455 0.113636 0.045455 0.045455 0.022727 0.000000 0.000000 0.022727 0.159091 0.045455
0.097561 0.268293 0.121951 0.121951 0.024390 0.024390 0.048780 0.170732 0.048780 0.073171
0.000000 0.000000 0.000000 0.000000 0.000000 0.000000 0.000000 1.000000 0.000000 0.000000
0.102564 0.128205 0.025641 0.230769 0.000000 0.000000 0.000000 0.000000 0.128205 0.384615
0.026316 0.684211 0.131579 0.000000 0.000000 0.000000 0.026316 0.000000 0.000000 0.131579
0.081081 0.054054 0.270270 0.027027 0.189189 0.054054 0.081081 0.108108 0.054054 0.081081
0.000000 0.111111 0.027778 0.361111 0.000000 0.111111 0.305556 0.000000 0.000000 0.083333
0.060606 0.060606 0.090909 0.030303 0.000000 0.060606 0.454545 0.000000 0.000000 0.242424
0.531250 0.031250 0.000000 0.031250 0.000000 0.000000 0.000000 0.000000 0.343750 0.062500
0.375000 0.031250 0.031250 0.031250 0.375000 0.000000 0.000000 0.031250 0.093750 0.031250
0.000000 0.000000 0.062500 0.312500 0.000000 0.000000 0.062500 0.000000 0.031250 0.531250
0.000000 0.093750 0.031250 0.000000 0.000000 0.031250 0.000000 0.718750 0.093750 0.031250
0.000000 0.125000 0.156250 0.125000 0.000000 0.031250 0.125000 0.000000 0.000000 0.437500
0.000000 0.000000 0.031250 0.000000 0.000000 0.000000 0.000000 0.968750 0.000000 0.000000
0.000000 0.612903 0.161290 0.064516 0.000000 0.064516 0.064516 0.000000 0.032258 0.000000
0.000000 0.100000 0.366667 0.133333 0.000000 0.000000 0.300000 0.033333 0.000000 0.066667
0.000000 0.000000 0.074074 0.148148 0.000000 0.481481 0.296296 0.000000 0.000000 0.000000
0.074074 0.148148 0.259259 0.000000 0.074074 0.074074 0.000000 0.148148 0.074074 0.148148
0.370370 0.148148 0.148148 0.037037 0.000000 0.000000 0.037037 0.037037 0.148148 0.074074
0.115385 0.000000 0.076923 0.000000 0.115385 0.038462 0.000000 0.000000 0.653846 0.000000
0.038462 0.423077 0.423077 0.038462 0.000000 0.000000 0.038462 0.000000 0.038462 0.000000
0.000000 0.538462 0.230769 0.000000 0.000000 0.076923 0.076923 0.000000 0.000000 0.076923
0.080000 0.000000 0.040000 0.400000 0.000000 0.040000 0.000000 0.000000 0.120000 0.320000
0.000000 0.560000 0.160000 0.040000 0.000000 0.040000 0.040000 0.000000 0.000000 0.160000
0.040000 0.560000 0.000000 0.080000 0.000000 0.040000 0.040000 0.200000 0.000000 0.040000
0.208333 0.166667 0.083333 0.041667 0.083333 0.041667 0.083333 0.000000 0.125000 0.166667
0.000000 0.125000 0.208333 0.083333 0.000000 0.250000 0.083333 0.000000 0.000000 0.250000
0.045455 0.000000 0.090909 0.181818 0.000000 0.136364 0.454545 0.000000 0.000000 0.090909
0.000000 0.000000 0.000000 0.000000 0.000000 0.000000 0.000000 1.000000 0.000000 0.000000
0.095238 0.095238 0.095238 0.000000 0.047619 0.047619 0.095238 0.000000 0.333333 0.190476
0.095238 0.047619 0.095238 0.142857 0.000000 0.333333 0.047619 0.000000 0.000000 0.238095
0.350000 0.000000 0.000000 0.050000 0.050000 0.000000 0.000000 0.000000 0.450000 0.100000
0.000000 0.000000 0.000000 0.000000 0.000000 0.000000 0.000000 1.000000 0.000000 0.000000
0.333333 0.000000 0.000000 0.000000 0.055556 0.000000 0.000000 0.000000 0.500000 0.111111
0.555556 0.000000 0.000000 0.055556 0.000000 0.000000 0.000000 0.000000 0.333333 0.055556
0.000000 0.000000 0.062500 0.187500 0.000000 0.500000 0.187500 0.062500 0.000000 0.000000
0.000000 0.333333 0.133333 0.466667 0.066667 0.000000 0.000000 0.000000 0.000000 0.000000
0.000000 0.000000 0.000000 0.071429 0.000000 0.214286 0.571429 0.000000 0.000000 0.142857
0.000000 0.500000 0.285714 0.000000 0.000000 0.000000 0.071429 0.000000 0.071429 0.071429
0.000000 0.642857 0.142857 0.071429 0.071429 0.000000 0.000000 0.000000 0.000000 0.071429
0.000000 0.000000 0.000000 0.000000 0.000000 0.000000 0.000000 1.000000 0.000000 0.000000
0.000000 0.153846 0.307692 0.153846 0.000000 0.000000 0.307692 0.000000 0.000000 0.076923
0.000000 0.076923 0.076923 0.000000 0.000000 0.000000 0.000000 0.846154 0.000000 0.000000
0.000000 0.076923 0.230769 0.000000 0.000000 0.000000 0.692308 0.000000 0.000000 0.000000
0.333333 0.000000 0.083333 0.083333 0.166667 0.000000 0.083333 0.000000 0.250000 0.000000
0.000000 0.000000 0.166667 0.166667 0.500000 0.000000 0.083333 0.000000 0.083333 0.000000
0.583333 0.250000 0.083333 0.000000 0.000000 0.000000 0.000000 0.000000 0.083333 0.000000
0.000000 0.000000 0.166667 0.083333 0.000000 0.500000 0.250000 0.000000 0.000000 0.000000
0.000000 0.000000 0.000000 0.000000 0.000000 0.000000 0.000000 1.000000 0.000000 0.000000
0.818182 0.000000 0.000000 0.000000 0.000000 0.000000 0.000000 0.000000 0.181818 0.000000
0.090909 0.090909 0.272727 0.000000 0.000000 0.181818 0.090909 0.000000 0.272727 0.000000
0.100000 0.000000 0.200000 0.100000 0.000000 0.300000 0.300000 0.000000 0.000000 0.000000
0.111111 0.555556 0.222222 0.000000 0.000000 0.000000 0.000000 0.111111 0.000000 0.000000
0.000000 0.333333 0.555556 0.000000 0.000000 0.000000 0.111111 0.000000 0.000000 0.000000
0.000000 0.111111 0.111111 0.111111 0.000000 0.111111 0.222222 0.000000 0.000000 0.333333
0.000000 0.000000 0.000000 0.000000 0.000000 0.000000 0.000000 1.000000 0.000000 0.000000
0.000000 0.000000 0.000000 0.000000 0.000000 0.777778 0.222222 0.000000 0.000000 0.000000
0.000000 0.777778 0.111111 0.000000 0.000000 0.000000 0.000000 0.000000 0.000000 0.111111
0.000000 0.000000 0.000000 0.000000 0.000000 0.000000 0.000000 1.000000 0.000000 0.000000
0.000000 0.625000 0.250000 0.125000 0.000000 0.000000 0.000000 0.000000 0.000000 0.000000
0.000000 0.000000 0.428571 0.000000 0.571429 0.000000 0.000000 0.000000 0.000000 0.000000
0.285714 0.000000 0.142857 0.142857 0.142857 0.000000 0.000000 0.000000 0.285714 0.000000
0.000000 0.142857 0.000000 0.142857 0.000000 0.000000 0.571429 0.000000 0.000000 0.142857
0.000000 0.571429 0.000000 0.000000 0.000000 0.000000 0.428571 0.000000 0.000000 0.000000
0.000000 0.000000 0.000000 0.000000 1.000000 0.000000 0.000000 0.000000 0.000000 0.000000
0.000000 0.000000 0.000000 0.000000 0.000000 0.000000 0.000000 1.000000 0.000000 0.000000
0.000000 0.333333 0.000000 0.166667 0.000000 0.000000 0.000000 0.000000 0.000000 0.500000
0.000000 0.000000 0.166667 0.166667 0.000000 0.000000 0.000000 0.166667 0.333333 0.166667
0.000000 0.500000 0.500000 0.000000 0.000000 0.000000 0.000000 0.000000 0.000000 0.000000
0.000000 0.000000 0.000000 0.000000 0.000000 0.400000 0.600000 0.000000 0.000000 0.000000
0.000000 0.400000 0.200000 0.200000 0.000000 0.000000 0.200000 0.000000 0.000000 0.000000
0.000000 0.000000 0.000000 0.000000 0.000000 0.000000 0.000000 1.000000 0.000000 0.000000
0.200000 0.000000 0.200000 0.200000 0.000000 0.400000 0.000000 0.000000 0.000000 0.000000
0.000000 0.000000 0.000000 0.000000 0.000000 0.000000 0.000000 1.000000 0.000000 0.000000
0.000000 0.600000 0.400000 0.000000 0.000000 0.000000 0.000000 0.000000 0.000000 0.000000
0.000000 0.500000 0.000000 0.000000 0.000000 0.000000 0.000000 0.500000 0.000000 0.000000
0.500000 0.000000 0.000000 0.000000 0.000000 0.000000 0.000000 0.000000 0.250000 0.250000
0.000000 0.250000 0.000000 0.000000 0.000000 0.500000 0.000000 0.250000 0.000000 0.000000
0.000000 0.750000 0.000000 0.000000 0.000000 0.000000 0.000000 0.000000 0.000000 0.250000
0.000000 0.250000 0.750000 0.000000 0.000000 0.000000 0.000000 0.000000 0.000000 0.000000
0.000000 0.000000 0.250000 0.250000 0.000000 0.000000 0.000000 0.000000 0.250000 0.250000
0.500000 0.000000 0.000000 0.000000 0.000000 0.000000 0.000000 0.000000 0.500000 0.000000
0.000000 0.000000 0.000000 0.000000 0.000000 0.500000 0.000000 0.000000 0.000000 0.500000
0.000000 0.250000 0.250000 0.250000 0.000000 0.000000 0.000000 0.000000 0.250000 0.000000
0.000000 0.250000 0.000000 0.250000 0.000000 0.000000 0.000000 0.000000 0.000000 0.500000
0.000000 0.250000 0.750000 0.000000 0.000000 0.000000 0.000000 0.000000 0.000000 0.000000
0.000000 0.250000 0.250000 0.250000 0.000000 0.000000 0.000000 0.000000 0.250000 0.000000
0.000000 0.000000 0.250000 0.000000 0.000000 0.500000 0.250000 0.000000 0.000000 0.000000
0.000000 0.000000 0.333333 0.666667 0.000000 0.000000 0.000000 0.000000 0.000000 0.000000
0.000000 0.333333 0.000000 0.000000 0.000000 0.000000 0.333333 0.333333 0.000000 0.000000
0.000000 0.333333 0.333333 0.333333 0.000000 0.000000 0.000000 0.000000 0.000000 0.000000
0.000000 0.000000 0.000000 0.000000 0.000000 0.000000 0.000000 1.000000 0.000000 0.000000
0.000000 1.000000 0.000000 0.000000 0.000000 0.000000 0.000000 0.000000 0.000000 0.000000
0.333333 0.000000 0.000000 0.000000 0.000000 0.333333 0.333333 0.000000 0.000000 0.000000
0.000000 0.000000 0.000000 0.000000 0.000000 1.000000 0.000000 0.000000 0.000000 0.000000
0.000000 0.666667 0.000000 0.333333 0.000000 0.000000 0.000000 0.000000 0.000000 0.000000
0.000000 1.000000 0.000000 0.000000 0.000000 0.000000 0.000000 0.000000 0.000000 0.000000
0.000000 0.000000 0.666667 0.333333 0.000000 0.000000 0.000000 0.000000 0.000000 0.000000
0.000000 0.000000 0.000000 0.000000 0.000000 0.000000 0.000000 1.000000 0.000000 0.000000
0.000000 0.000000 0.333333 0.000000 0.000000 0.000000 0.333333 0.000000 0.000000 0.333333
0.000000 0.000000 0.000000 0.000000 0.000000 0.666667 0.333333 0.000000 0.000000 0.000000
0.000000 0.000000 0.000000 0.000000 0.000000 0.000000 0.000000 1.000000 0.000000 0.000000
0.000000 0.333333 0.333333 0.000000 0.000000 0.000000 0.333333 0.000000 0.000000 0.000000
0.333333 0.333333 0.000000 0.000000 0.333333 0.000000 0.000000 0.000000 0.000000 0.000000
0.000000 0.666667 0.000000 0.000000 0.000000 0.000000 0.333333 0.000000 0.000000 0.000000
0.333333 0.000000 0.000000 0.000000 0.000000 0.000000 0.000000 0.666667 0.000000 0.000000
0.000000 0.000000 0.000000 0.000000 0.000000 0.666667 0.000000 0.000000 0.333333 0.000000
0.333333 0.333333 0.000000 0.333333 0.000000 0.000000 0.000000 0.000000 0.000000 0.000000
0.000000 0.333333 0.000000 0.000000 0.000000 0.000000 0.000000 0.000000 0.333333 0.333333
0.000000 0.666667 0.333333 0.000000 0.000000 0.000000 0.000000 0.000000 0.000000 0.000000
0.000000 0.500000 0.000000 0.000000 0.000000 0.000000 0.000000 0.500000 0.000000 0.000000
0.000000 0.000000 0.500000 0.000000 0.000000 0.000000 0.500000 0.000000 0.000000 0.000000
0.000000 0.500000 0.000000 0.000000 0.000000 0.000000 0.000000 0.000000 0.000000 0.500000
0.000000 0.000000 0.000000 0.000000 0.000000 0.000000 0.000000 1.000000 0.000000 0.000000
0.000000 0.500000 0.500000 0.000000 0.000000 0.000000 0.000000 0.000000 0.000000 0.000000
1.000000 0.000000 0.000000 0.000000 0.000000 0.000000 0.000000 0.000000 0.000000 0.000000
0.000000 0.000000 0.500000 0.000000 0.000000 0.000000 0.500000 0.000000 0.000000 0.000000
0.000000 0.000000 0.500000 0.000000 0.000000 0.000000 0.000000 0.000000 0.500000 0.000000
1.000000 0.000000 0.000000 0.000000 0.000000 0.000000 0.000000 0.000000 0.000000 0.000000
1.000000 0.000000 0.000000 0.000000 0.000000 0.000000 0.000000 0.000000 0.000000 0.000000
0.000000 0.000000 0.500000 0.000000 0.500000 0.000000 0.000000 0.000000 0.000000 0.000000
0.000000 0.000000 0.000000 0.000000 0.000000 0.500000 0.500000 0.000000 0.000000 0.000000
0.000000 0.000000 0.000000 0.000000 1.000000 0.000000 0.000000 0.000000 0.000000 0.000000
0.000000 0.500000 0.500000 0.000000 0.000000 0.000000 0.000000 0.000000 0.000000 0.000000
0.000000 0.000000 0.000000 0.000000 0.500000 0.000000 0.000000 0.000000 0.500000 0.000000
0.000000 0.500000 0.000000 0.000000 0.000000 0.000000 0.000000 0.000000 0.000000 0.500000
0.000000 1.000000 0.000000 0.000000 0.000000 0.000000 0.000000 0.000000 0.000000 0.000000
0.000000 0.000000 0.000000 0.000000 0.000000 0.000000 0.000000 0.000000 1.000000 0.000000
0.000000 0.000000 0.500000 0.000000 0.000000 0.000000 0.000000 0.500000 0.000000 0.000000
0.500000 0.000000 0.000000 0.000000 0.500000 0.000000 0.000000 0.000000 0.000000 0.000000
0.000000 1.000000 0.000000 0.000000 0.000000 0.000000 0.000000 0.000000 0.000000 0.000000
0.000000 0.000000 0.000000 0.000000 0.000000 0.000000 0.000000 1.000000 0.000000 0.000000
0.000000 0.000000 0.000000 0.000000 0.000000 0.500000 0.000000 0.500000 0.000000 0.000000
0.000000 0.500000 0.500000 0.000000 0.000000 0.000000 0.000000 0.000000 0.000000 0.000000
0.500000 0.000000 0.000000 0.000000 0.000000 0.000000 0.000000 0.000000 0.000000 0.500000
0.000000 0.000000 0.000000 1.000000 0.000000 0.000000 0.000000 0.000000 0.000000 0.000000
1.000000 0.000000 0.000000 0.000000 0.000000 0.000000 0.000000 0.000000 0.000000 0.000000
0.000000 0.000000 0.000000 0.500000 0.000000 0.000000 0.000000 0.000000 0.500000 0.000000
0.500000 0.000000 0.000000 0.000000 0.000000 0.000000 0.000000 0.000000 0.500000 0.000000
0.000000 0.500000 0.000000 0.000000 0.000000 0.000000 0.000000 0.500000 0.000000 0.000000
0.500000 0.000000 0.000000 0.000000 0.000000 0.000000 0.000000 0.000000 0.500000 0.000000
0.000000 1.000000 0.000000 0.000000 0.000000 0.000000 0.000000 0.000000 0.000000 0.000000
0.000000 1.000000 0.000000 0.000000 0.000000 0.000000 0.000000 0.000000 0.000000 0.000000
0.000000 1.000000 0.000000 0.000000 0.000000 0.000000 0.000000 0.000000 0.000000 0.000000
0.000000 0.000000 0.000000 0.000000 0.000000 0.000000 0.000000 1.000000 0.000000 0.000000
0.000000 0.000000 0.000000 0.000000 0.000000 0.000000 0.000000 0.000000 1.000000 0.000000
0.000000 0.000000 0.000000 0.000000 0.000000 0.000000 0.000000 0.000000 1.000000 0.000000
0.000000 0.000000 0.000000 0.000000 0.000000 0.000000 0.000000 1.000000 0.000000 0.000000
0.000000 0.000000 0.000000 0.000000 0.000000 0.000000 0.000000 1.000000 0.000000 0.000000
0.000000 0.000000 0.000000 0.000000 0.000000 0.000000 1.000000 0.000000 0.000000 0.000000
0.000000 0.000000 0.000000 0.000000 0.000000 0.000000 0.000000 0.000000 0.000000 1.000000
0.000000 1.000000 0.000000 0.000000 0.000000 0.000000 0.000000 0.000000 0.000000 0.000000
0.000000 0.000000 1.000000 0.000000 0.000000 0.000000 0.000000 0.000000 0.000000 0.000000
0.000000 0.000000 0.000000 0.000000 0.000000 0.000000 1.000000 0.000000 0.000000 0.000000
0.000000 0.000000 0.000000 0.000000 0.000000 0.000000 1.000000 0.000000 0.000000 0.000000
0.000000 1.000000 0.000000 0.000000 0.000000 0.000000 0.000000 0.000000 0.000000 0.000000
0.000000 1.000000 0.000000 0.000000 0.000000 0.000000 0.000000 0.000000 0.000000 0.000000
0.000000 0.000000 1.000000 0.000000 0.000000 0.000000 0.000000 0.000000 0.000000 0.000000
0.000000 0.000000 0.000000 0.000000 0.000000 0.000000 1.000000 0.000000 0.000000 0.000000
0.000000 0.000000 0.000000 0.000000 0.000000 0.000000 1.000000 0.000000 0.000000 0.000000
0.000000 0.000000 1.000000 0.000000 0.000000 0.000000 0.000000 0.000000 0.000000 0.000000
0.000000 0.000000 0.000000 0.000000 0.000000 0.000000 1.000000 0.000000 0.000000 0.000000
0.000000 1.000000 0.000000 0.000000 0.000000 0.000000 0.000000 0.000000 0.000000 0.000000
0.000000 1.000000 0.000000 0.000000 0.000000 0.000000 0.000000 0.000000 0.000000 0.000000
0.000000 0.000000 1.000000 0.000000 0.000000 0.000000 0.000000 0.000000 0.000000 0.000000
0.000000 0.000000 0.000000 0.000000 0.000000 0.000000 0.000000 1.000000 0.000000 0.000000
0.000000 1.000000 0.000000 0.000000 0.000000 0.000000 0.000000 0.000000 0.000000 0.000000
0.000000 1.000000 0.000000 0.000000 0.000000 0.000000 0.000000 0.000000 0.000000 0.000000
0.000000 1.000000 0.000000 0.000000 0.000000 0.000000 0.000000 0.000000 0.000000 0.000000
0.000000 0.000000 0.000000 0.000000 0.000000 0.000000 0.000000 1.000000 0.000000 0.000000
0.000000 0.000000 0.000000 0.000000 0.000000 0.000000 0.000000 1.000000 0.000000 0.000000
0.000000 0.000000 0.000000 0.000000 0.000000 0.000000 0.000000 1.000000 0.000000 0.000000
0.000000 1.000000 0.000000 0.000000 0.000000 0.000000 0.000000 0.000000 0.000000 0.000000
0.000000 1.000000 0.000000 0.000000 0.000000 0.000000 0.000000 0.000000 0.000000 0.000000
0.000000 1.000000 0.000000 0.000000 0.000000 0.000000 0.000000 0.000000 0.000000 0.000000
0.000000 1.000000 0.000000 0.000000 0.000000 0.000000 0.000000 0.000000 0.000000 0.000000
0.000000 1.000000 0.000000 0.000000 0.000000 0.000000 0.000000 0.000000 0.000000 0.000000
0.000000 0.000000 0.000000 0.000000 0.000000 0.000000 0.000000 1.000000 0.000000 0.000000
0.000000 0.000000 0.000000 0.000000 0.000000 0.000000 1.000000 0.000000 0.000000 0.000000
0.000000 0.000000 0.000000 0.000000 0.000000 0.000000 1.000000 0.000000 0.000000 0.000000
0.000000 0.000000 0.000000 0.000000 0.000000 0.000000 0.000000 1.000000 0.000000 0.000000
0.000000 0.000000 0.000000 1.000000 0.000000 0.000000 0.000000 0.000000 0.000000 0.000000
0.000000 0.000000 0.000000 0.000000 1.000000 0.000000 0.000000 0.000000 0.000000 0.000000
0.000000 0.000000 0.000000 0.000000 0.000000 0.000000 0.000000 1.000000 0.000000 0.000000
0.000000 0.000000 0.000000 1.000000 0.000000 0.000000 0.000000 0.000000 0.000000 0.000000
0.000000 0.000000 0.000000 1.000000 0.000000 0.000000 0.000000 0.000000 0.000000 0.000000
0.000000 1.000000 0.000000 0.000000 0.000000 0.000000 0.000000 0.000000 0.000000 0.000000
0.000000 0.000000 1.000000 0.000000 0.000000 0.000000 0.000000 0.000000 0.000000 0.000000
0.000000 0.000000 1.000000 0.000000 0.000000 0.000000 0.000000 0.000000 0.000000 0.000000
0.000000 0.000000 0.000000 0.000000 0.000000 0.000000 0.000000 0.000000 0.000000 1.000000
0.000000 0.000000 0.000000 0.000000 0.000000 0.000000 1.000000 0.000000 0.000000 0.000000
0.000000 1.000000 0.000000 0.000000 0.000000 0.000000 0.000000 0.000000 0.000000 0.000000
0.000000 0.000000 1.000000 0.000000 0.000000 0.000000 0.000000 0.000000 0.000000 0.000000
0.000000 0.000000 0.000000 0.000000 0.000000 0.000000 0.000000 1.000000 0.000000 0.000000
0.000000 0.000000 0.000000 0.000000 0.000000 1.000000 0.000000 0.000000 0.000000 0.000000
0.000000 1.000000 0.000000 0.000000 0.000000 0.000000 0.000000 0.000000 0.000000 0.000000
0.000000 0.000000 0.000000 0.000000 0.000000 0.000000 1.000000 0.000000 0.000000 0.000000
0.000000 1.000000 0.000000 0.000000 0.000000 0.000000 0.000000 0.000000 0.000000 0.000000
0.000000 0.000000 0.000000 0.000000 0.000000 0.000000 0.000000 1.000000 0.000000 0.000000
0.000000 0.000000 1.000000 0.000000 0.000000 0.000000 0.000000 0.000000 0.000000 0.000000
0.000000 0.000000 0.000000 0.000000 0.000000 1.000000 0.000000 0.000000 0.000000 0.000000
0.000000 0.000000 0.000000 0.000000 0.000000 1.000000 0.000000 0.000000 0.000000 0.000000
0.000000 0.000000 0.000000 0.000000 0.000000 0.000000 0.000000 1.000000 0.000000 0.000000
0.000000 0.000000 0.000000 0.000000 1.000000 0.000000 0.000000 0.000000 0.000000 0.000000
0.000000 1.000000 0.000000 0.000000 0.000000 0.000000 0.000000 0.000000 0.000000 0.000000
0.000000 0.000000 0.000000 0.000000 0.000000 0.000000 1.000000 0.000000 0.000000 0.000000
0.000000 0.000000 0.000000 0.000000 1.000000 0.000000 0.000000 0.000000 0.000000 0.000000
0.000000 1.000000 0.000000 0.000000 0.000000 0.000000 0.000000 0.000000 0.000000 0.000000
0.000000 0.000000 0.000000 0.000000 0.000000 0.000000 0.000000 1.000000 0.000000 0.000000
0.000000 0.000000 0.000000 0.000000 0.000000 0.000000 0.000000 1.000000 0.000000 0.000000
0.000000 0.000000 0.000000 0.000000 0.000000 0.000000 0.000000 1.000000 0.000000 0.000000
0.000000 0.000000 0.000000 0.000000 0.000000 0.000000 1.000000 0.000000 0.000000 0.000000
0.000000 1.000000 0.000000 0.000000 0.000000 0.000000 0.000000 0.000000 0.000000 0.000000
0.000000 0.000000 0.000000 1.000000 0.000000 0.000000 0.000000 0.000000 0.000000 0.000000
0.000000 1.000000 0.000000 0.000000 0.000000 0.000000 0.000000 0.000000 0.000000 0.000000
0.000000 0.000000 0.000000 0.000000 1.000000 0.000000 0.000000 0.000000 0.000000 0.000000
0.000000 0.000000 0.000000 0.000000 0.000000 0.000000 1.000000 0.000000 0.000000 0.000000
