0.324219 0.576823 0.057292 0.041667
0.459259 0.325926 0.164815 0.050000
0.053803 0.051948 0.617811 0.276438
0.493802 0.338843 0.090909 0.076446
0.269142 0.670534 0.034803 0.025522
0.465174 0.398010 0.082090 0.054726
0.026316 0.049708 0.558480 0.365497
0.188153 0.254355 0.236934 0.320557
0.025510 0.015306 0.316327 0.642857
0.409836 0.497268 0.065574 0.027322
0.042945 0.914110 0.036810 0.006135
0.533742 0.263804 0.153374 0.049080
0.283871 0.296774 0.316129 0.103226
0.540000 0.300000 0.126667 0.033333
0.209459 0.148649 0.371622 0.270270
0.500000 0.382353 0.102941 0.014706
0.022901 0.053435 0.496183 0.427481
0.312000 0.376000 0.288000 0.024000
0.024390 0.032520 0.747967 0.195122
0.491667 0.383333 0.116667 0.008333
0.554622 0.352941 0.050420 0.042017
0.298246 0.517544 0.114035 0.070175
0.612500 0.350000 0.037500 0.000000
0.325000 0.600000 0.037500 0.037500
0.050633 0.012658 0.772152 0.164557
0.090909 0.012987 0.402597 0.493506
0.480519 0.428571 0.077922 0.012987
0.203125 0.781250 0.015625 0.000000
0.238095 0.682540 0.047619 0.031746
0.349206 0.571429 0.063492 0.015873
0.274194 0.725806 0.000000 0.000000
0.377049 0.147541 0.245902 0.229508
0.357143 0.250000 0.214286 0.178571
0.481481 0.259259 0.240741 0.018519
0.092593 0.018519 0.592593 0.296296
0.250000 0.538462 0.115385 0.096154
0.420000 0.400000 0.140000 0.040000
0.480000 0.260000 0.120000 0.140000
0.102041 0.081633 0.306122 0.510204
0.145833 0.833333 0.020833 0.000000
0.177778 0.111111 0.333333 0.377778
0.184211 0.763158 0.026316 0.026316
0.162162 0.270270 0.189189 0.378378
0.486486 0.432432 0.081081 0.000000
0.027778 0.083333 0.472222 0.416667
0.085714 0.800000 0.057143 0.057143
0.515152 0.454545 0.000000 0.030303
0.000000 1.000000 0.000000 0.000000
0.074074 0.074074 0.777778 0.074074
0.461538 0.346154 0.115385 0.076923
0.269231 0.653846 0.076923 0.000000
0.461538 0.307692 0.153846 0.076923
0.440000 0.320000 0.120000 0.120000
0.250000 0.250000 0.208333 0.291667
0.217391 0.782609 0.000000 0.000000
0.217391 0.434783 0.173913 0.173913
0.086957 0.043478 0.608696 0.260870
0.090909 0.000000 0.272727 0.636364
0.272727 0.181818 0.318182 0.227273
0.045455 0.045455 0.818182 0.090909
0.333333 0.476190 0.047619 0.142857
0.190476 0.809524 0.000000 0.000000
0.619048 0.238095 0.095238 0.047619
0.619048 0.333333 0.000000 0.047619
0.100000 0.100000 0.250000 0.550000
0.105263 0.842105 0.000000 0.052632
0.470588 0.058824 0.352941 0.117647
0.529412 0.411765 0.000000 0.058824
0.125000 0.062500 0.312500 0.500000
0.125000 0.062500 0.187500 0.625000
0.200000 0.466667 0.200000 0.133333
0.533333 0.466667 0.000000 0.000000
0.785714 0.214286 0.000000 0.000000
0.357143 0.357143 0.214286 0.071429
0.000000 0.000000 0.153846 0.846154
0.153846 0.076923 0.538462 0.230769
0.250000 0.750000 0.000000 0.000000
0.333333 0.083333 0.333333 0.250000
0.083333 0.083333 0.666667 0.166667
0.583333 0.416667 0.000000 0.000000
0.272727 0.090909 0.363636 0.272727
0.100000 0.100000 0.600000 0.200000
0.100000 0.000000 0.400000 0.500000
0.700000 0.100000 0.200000 0.000000
0.100000 0.500000 0.300000 0.100000
0.222222 0.777778 0.000000 0.000000
0.000000 0.000000 0.875000 0.125000
0.625000 0.250000 0.125000 0.000000
0.750000 0.250000 0.000000 0.000000
0.500000 0.375000 0.125000 0.000000
0.142857 0.285714 0.285714 0.285714
0.285714 0.000000 0.142857 0.571429
0.000000 0.142857 0.428571 0.428571
0.000000 1.000000 0.000000 0.000000
0.333333 0.666667 0.000000 0.000000
0.000000 0.000000 1.000000 0.000000
0.500000 0.000000 0.333333 0.166667
0.000000 0.200000 0.600000 0.200000
0.200000 0.000000 0.400000 0.400000
0.800000 0.200000 0.000000 0.000000
0.000000 1.000000 0.000000 0.000000
0.800000 0.000000 0.200000 0.000000
0.000000 0.600000 0.400000 0.000000
0.000000 1.000000 0.000000 0.000000
0.000000 0.000000 0.250000 0.750000
0.500000 0.500000 0.000000 0.000000
0.250000 0.500000 0.250000 0.000000
0.500000 0.500000 0.000000 0.000000
0.250000 0.000000 0.000000 0.750000
0.750000 0.250000 0.000000 0.000000
0.666667 0.333333 0.000000 0.000000
0.666667 0.333333 0.000000 0.000000
0.000000 0.333333 0.666667 0.000000
0.333333 0.333333 0.333333 0.000000
0.000000 1.000000 0.000000 0.000000
0.000000 0.000000 0.333333 0.666667
1.000000 0.000000 0.000000 0.000000
0.000000 0.500000 0.500000 0.000000
0.000000 1.000000 0.000000 0.000000
0.500000 0.000000 0.500000 0.000000
0.000000 0.000000 0.000000 1.000000
0.000000 0.500000 0.000000 0.500000
0.000000 1.000000 0.000000 0.000000
1.000000 0.000000 0.000000 0.000000
0.000000 1.000000 0.000000 0.000000
0.000000 0.500000 0.500000 0.000000
0.000000 0.500000 0.000000 0.500000
0.000000 0.000000 0.500000 0.500000
0.500000 0.500000 0.000000 0.000000
0.000000 1.000000 0.000000 0.000000
0.000000 0.000000 1.000000 0.000000
0.000000 0.000000 1.000000 0.000000
0.500000 0.500000 0.000000 0.000000
0.500000 0.500000 0.000000 0.000000
0.500000 0.500000 0.000000 0.000000
1.000000 0.000000 0.000000 0.000000
1.000000 0.000000 0.000000 0.000000
0.000000 0.500000 0.000000 0.500000
0.000000 1.000000 0.000000 0.000000
0.000000 0.500000 0.500000 0.000000
0.500000 0.500000 0.000000 0.000000
0.000000 0.000000 1.000000 0.000000
0.000000 0.500000 0.000000 0.500000
1.000000 0.000000 0.000000 0.000000
0.500000 0.000000 0.500000 0.000000
0.000000 1.000000 0.000000 0.000000
0.000000 1.000000 0.000000 0.000000
1.000000 0.000000 0.000000 0.000000
0.000000 0.000000 1.000000 0.000000
1.000000 0.000000 0.000000 0.000000
1.000000 0.000000 0.000000 0.000000
1.000000 0.000000 0.000000 0.000000
0.000000 0.000000 0.000000 1.000000
0.000000 1.000000 0.000000 0.000000
0.000000 1.000000 0.000000 0.000000
0.000000 1.000000 0.000000 0.000000
0.000000 1.000000 0.000000 0.000000
0.000000 1.000000 0.000000 0.000000
1.000000 0.000000 0.000000 0.000000
0.000000 0.000000 1.000000 0.000000
0.000000 0.000000 1.000000 0.000000
0.000000 0.000000 1.000000 0.000000
0.000000 0.000000 1.000000 0.000000
1.000000 0.000000 0.000000 0.000000
1.000000 0.000000 0.000000 0.000000
0.000000 0.000000 1.000000 0.000000
1.000000 0.000000 0.000000 0.000000
1.000000 0.000000 0.000000 0.000000
0.000000 0.000000 1.000000 0.000000
1.000000 0.000000 0.000000 0.000000
0.000000 1.000000 0.000000 0.000000
0.000000 1.000000 0.000000 0.000000
0.000000 0.000000 0.000000 1.000000
0.000000 1.000000 0.000000 0.000000
0.000000 1.000000 0.000000 0.000000
1.000000 0.000000 0.000000 0.000000
0.000000 1.000000 0.000000 0.000000
0.000000 0.000000 0.000000 1.000000
1.000000 0.000000 0.000000 0.000000
0.000000 0.000000 0.000000 1.000000
0.000000 0.000000 1.000000 0.000000
0.000000 0.000000 1.000000 0.000000
1.000000 0.000000 0.000000 0.000000
0.000000 0.000000 1.000000 0.000000
0.000000 1.000000 0.000000 0.000000
0.000000 1.000000 0.000000 0.000000
0.000000 1.000000 0.000000 0.000000
0.000000 1.000000 0.000000 0.000000
0.000000 1.000000 0.000000 0.000000
0.000000 0.000000 1.000000 0.000000
0.000000 0.000000 1.000000 0.000000
0.000000 0.000000 0.000000 1.000000
